[times]
last_flixbus = 2022-07-19T10:44:05.463597+02:00
last_bahn = 2022-07-19T10:26:11.968736+02:00
last_auto = 2022-07-19T10:44:03.305997+02:00
last_ryanair = 2022-07-19T10:44:08.042848+02:00
last_oeffis = 2022-07-19T10:44:52.529699+02:00

